   0 15280
   1 20099
   2 23180
   3 23557
   4 23777
   5 23653
   6 23739
   7 23681
   8 23794
   9 23746
  10 23813
  11 23810
  12 23838
  13 23955
  14 23647
  15 23641
  16 23812
  17 23782
  18 23752
  19 23695
  20 23763
  21 23877
  22 23700
  23 23638
  24 23605
  25 23888
  26 23931
  27 23890
  28 23714
  29 23598
  30 23693
  31 23637
  32 23484
  33 23799
  34 23719
  35 23777
  36 23966
  37 23733
  38 23795
  39 23792
  40 23815
  41 23740
  42 23756
  43 23875
  44 23746
  45 23779
  46 23673
  47 23821
  48 23832
  49 23702
  50 23803
  51 23760
  52 23690
  53 23672
  54 23848
  55 23736
  56 23769
  57 23963
  58 23583
  59 23932
  60 23695
  61 23795
  62 23730
  63 23841
  64 23636
  65 23721
  66 23776
  67 23852
  68 23857
  69 23678
  70 23726
  71 23880
  72 23713
  73 23751
  74 23526
  75 23749
  76 23654
  77 23691
  78 23675
  79 23716
  80 23708
  81 23741
  82 23914
  83 23824
  84 23857
  85 23926
  86 23599
  87 23726
  88 23679
  89 23797
  90 23762
  91 23720
  92 23780
  93 23529
  94 23631
  95 23834
  96 23621
  97 23618
  98 23756
  99 23716
 100 23654
 101 23783
 102 23696
 103 23954
 104 23868
 105 23774
 106 23756
 107 23753
 108 23821
 109 23621
 110 23666
 111 23596
 112 23738
 113 23530
 114 23678
 115 23560
 116 23706
 117 23368
 118 23965
 119 23568
 120 23894
 121 23795
 122 23874
 123 23718
 124 23811
 125 23739
 126 23656
 127 23633
 128 23633
 129 23808
 130 23684
 131 23708
 132 23644
 133 23791
 134 23739
 135 23777
 136 23663
 137 23573
 138 23840
 139 23611
 140 23669
 141 23702
 142 23624
 143 23699
 144 23675
 145 23812
 146 23971
 147 23797
 148 23849
 149 23805
 150 23829
 151 23890
 152 23719
 153 23672
 154 23728
 155 23700
 156 23651
 157 23597
 158 23815
 159 23783
 160 23580
 161 23699
 162 23639
 163 23746
 164 23526
 165 23598
 166 23610
 167 23656
 168 23682
 169 23659
 170 23823
 171 23718
 172 23693
 173 23603
 174 23742
 175 23770
 176 23639
 177 23658
 178 23772
 179 23748
 180 23717
 181 23914
 182 23676
 183 23790
 184 23751
 185 23868
 186 23857
 187 23680
 188 23662
 189 23664
 190 23902
 191 23794
 192 23640
 193 23749
 194 23843
 195 23573
 196 23669
 197 23668
 198 23607
 199 23659
 200 23613
 201 23722
 202 23729
 203 23917
 204 23650
 205 23777
 206 23734
 207 23688
 208 23602
 209 23770
 210 23776
 211 23828
 212 23557
 213 23452
 214 23826
 215 23702
 216 23605
 217 23841
 218 23615
 219 23769
 220 23699
 221 23653
 222 23890
 223 23690
 224 23786
 225 23959
 226 23612
 227 23753
 228 23725
 229 23692
 230 23750
 231 23840
 232 23727
 233 23723
 234 23867
 235 23758
 236 23816
 237 23642
 238 23731
 239 23609
 240 23861
 241 23839
 242 23832
 243 23740
 244 23758
 245 23818
 246 23569
 247 23768
 248 23646
 249 23796
 250 23917
 251 23873
 252 23766
 253 23647
 254 23673
 255 23694
 256 23760
 257 23765
 258 23761
 259 23760
 260 23473
 261 23906
 262 23774
 263 23525
 264 23608
 265 23758
 266 23773
 267 23720
 268 23491
 269 23564
 270 23821
 271 23878
 272 23612
 273 23731
 274 23557
 275 23695
 276 23670
 277 23626
 278 23617
 279 23810
 280 23636
 281 23774
 282 24008
 283 23666
 284 23642
 285 23776
 286 23616
 287 23738
 288 23737
 289 23701
 290 23767
 291 23631
 292 23894
 293 23635
 294 23671
 295 23658
 296 23613
 297 23717
 298 23850
 299 23769
 300 23892
 301 23667
 302 23731
 303 23722
 304 23564
 305 23571
 306 23790
 307 23678
 308 23707
 309 23818
 310 23735
 311 23654
 312 23778
 313 23739
 314 23612
 315 23751
 316 23749
 317 23576
 318 23666
 319 23629
 320 23738
 321 23905
 322 23797
 323 23864
 324 23820
 325 23888
 326 23729
 327 23612
 328 23685
 329 23815
 330 23648
 331 23758
 332 23769
 333 23763
 334 23695
 335 23755
 336 23594
 337 23614
 338 23853
 339 23785
 340 23555
 341 23791
 342 23723
 343 23868
 344 23678
 345 23634
 346 23820
 347 23597
 348 23799
 349 23750
 350 23774
 351 23732
 352 23634
 353 23761
 354 23817
 355 23632
 356 23756
 357 23716
 358 23526
 359 23823
 360 23729
 361 23897
 362 23737
 363 23831
 364 23800
 365 23727
 366 23802
 367 23738
 368 23705
 369 23872
 370 23973
 371 23560
 372 23846
 373 23511
 374 23617
 375 23743
 376 23747
 377 23684
 378 23701
 379 23863
 380 23753
 381 23692
 382 23666
 383 23699
 384 23772
 385 23780
 386 23777
 387 23794
 388 23767
 389 23765
 390 23703
 391 23567
 392 23789
 393 23715
 394 23672
 395 23662
 396 23756
 397 23634
 398 23751
 399 23694
 400 23769
 401 23851
 402 23909
 403 24008
 404 23664
 405 23803
 406 23647
 407 23608
 408 23781
 409 23617
 410 23736
 411 23651
 412 23768
 413 23724
 414 23763
 415 23747
 416 23665
 417 23823
 418 23684
 419 23638
 420 23660
 421 23733
 422 23686
 423 23678
 424 23839
 425 23874
 426 23618
 427 23811
 428 23660
 429 23900
 430 23641
 431 23764
 432 23777
 433 23745
 434 23880
 435 23791
 436 23935
 437 23893
 438 23855
 439 23879
 440 23785
 441 23730
 442 23641
 443 23870
 444 23562
 445 23953
 446 23642
 447 23670
 448 23638
 449 23897
 450 23888
 451 23833
 452 23467
 453 23482
 454 23621
 455 23579
 456 23588
 457 23939
 458 23432
 459 23821
 460 23476
 461 23915
 462 23705
 463 23914
 464 23716
 465 23843
 466 23736
 467 23819
 468 23640
 469 23755
 470 23844
 471 23689
 472 23632
 473 23955
 474 23618
 475 23978
 476 23689
 477 23716
 478 23876
 479 23668
 480 23764
 481 23572
 482 23711
 483 23851
 484 23760
 485 23759
 486 23857
 487 23888
 488 23743
 489 23729
 490 24081
 491 23601
 492 23754
 493 23854
 494 23766
 495 23717
 496 23798
 497 23781
 498 23520
 499 23634
 500 23793
 501 23801
 502 23811
 503 23684
 504 23772
 505 23555
 506 23459
 507 23838
 508 23471
 509 23761
 510 23679
 511 23675
 512 23870
 513 23612
 514 23982
 515 23899
 516 23773
 517 23674
 518 23500
 519 23428
 520 23582
 521 23640
 522 23728
 523 23668
 524 23561
 525 23682
 526 23756
 527 23564
 528 23611
 529 23663
 530 23888
 531 23802
 532 23889
 533 23602
 534 23882
 535 23669
 536 23727
 537 23660
 538 23721
 539 23535
 540 23729
 541 23869
 542 23721
 543 23641
 544 23717
 545 23618
 546 23821
 547 23645
 548 23565
 549 23535
 550 23692
 551 23687
 552 23548
 553 23738
 554 23705
 555 23772
 556 23870
 557 23818
 558 23766
 559 23822
 560 23777
 561 23847
 562 23799
 563 23786
 564 23726
 565 23651
 566 23573
 567 23777
 568 23552
 569 23738
 570 23872
 571 23713
 572 23823
 573 23818
 574 23601
 575 23600
 576 23829
 577 23687
 578 23781
 579 23651
 580 23755
 581 23751
 582 23635
 583 23815
 584 23703
 585 23823
 586 23685
 587 23749
 588 23744
 589 23576
 590 23733
 591 23873
 592 23582
 593 23591
 594 23653
 595 23577
 596 23677
 597 23610
 598 23862
 599 23674
 600 23582
 601 23821
 602 23748
 603 23861
 604 23650
 605 23760
 606 23664
 607 23651
 608 23800
 609 23470
 610 23787
 611 23581
 612 23910
 613 23962
 614 23837
 615 23652
 616 23561
 617 23576
 618 23759
 619 23786
 620 23693
 621 23762
 622 23801
 623 23607
 624 23845
 625 23714
 626 23766
 627 23574
 628 23782
 629 23631
 630 23696
 631 23875
 632 23605
 633 23702
 634 23615
 635 23686
 636 23589
 637 23654
 638 24035
 639 23626
 640 23739
 641 23635
 642 23644
 643 23603
 644 23832
 645 23637
 646 23735
 647 23855
 648 23592
 649 23683
 650 23746
 651 23651
 652 23734
 653 23745
 654 23731
 655 23639
 656 23796
 657 23654
 658 23865
 659 23879
 660 23642
 661 23678
 662 23662
 663 23668
 664 23866
 665 23526
 666 23623
 667 23799
 668 23599
 669 23736
 670 23829
 671 23663
 672 23835
 673 23816
 674 23668
 675 23779
 676 23610
 677 23548
 678 23631
 679 23639
 680 23772
 681 23711
 682 23626
 683 23755
 684 23770
 685 23547
 686 23714
 687 23741
 688 23747
 689 23744
 690 23819
 691 23625
 692 23746
 693 23756
 694 23761
 695 23776
 696 23847
 697 23661
 698 23886
 699 23632
 700 23619
 701 23598
 702 23852
 703 23823
 704 23619
 705 23822
 706 23613
 707 23841
 708 23670
 709 23705
 710 23490
 711 23804
 712 23688
 713 23640
 714 23870
 715 23655
 716 23846
 717 23631
 718 23886
 719 23849
 720 23740
 721 23752
 722 23602
 723 23584
 724 23691
 725 23697
 726 23850
 727 23698
 728 23794
 729 23852
 730 23703
 731 23569
 732 23871
 733 23857
 734 23616
 735 23714
 736 23694
 737 23622
 738 23708
 739 23715
 740 23927
 741 23723
 742 24010
 743 23637
 744 23635
 745 23643
 746 23614
 747 23586
 748 23735
 749 23931
 750 23887
 751 23756
 752 23838
 753 23951
 754 23746
 755 23681
 756 23915
 757 23523
 758 23784
 759 23611
 760 23623
 761 24029
 762 23586
 763 23779
 764 23845
 765 23836
 766 23816
 767 23777
 768 23641
 769 23579
 770 23496
 771 23784
 772 23665
 773 23780
 774 23605
 775 23827
 776 23559
 777 23649
 778 23779
 779 23668
 780 23850
 781 23785
 782 23626
 783 23568
 784 23664
 785 23799
 786 23681
 787 23456
 788 23715
 789 23916
 790 23721
 791 23704
 792 23622
 793 23771
 794 23574
 795 23673
 796 23685
 797 23727
 798 23771
 799 23752
 800 23783
 801 23682
 802 23804
 803 23714
 804 23712
 805 23798
 806 23645
 807 23586
 808 23699
 809 23781
 810 24025
 811 23599
 812 23703
 813 23767
 814 23602
 815 23694
 816 23754
 817 23940
 818 23751
 819 23541
 820 23567
 821 23648
 822 23671
 823 23678
 824 23766
 825 23842
 826 23636
 827 23652
 828 23724
 829 23652
 830 23554
 831 23725
 832 23551
 833 23628
 834 23682
 835 23906
 836 23366
 837 23727
 838 23681
 839 23814
 840 23627
 841 23856
 842 23879
 843 23870
 844 23785
 845 23726
 846 23648
 847 23937
 848 23675
 849 23775
 850 23656
 851 23754
 852 23747
 853 23696
 854 23811
 855 23950
 856 23678
 857 23722
 858 23641
 859 23628
 860 23543
 861 23524
 862 23938
 863 23563
 864 23632
 865 23590
 866 23652
 867 23825
 868 23656
 869 23654
 870 23754
 871 23824
 872 23759
 873 23906
 874 23745
 875 23696
 876 23833
 877 23884
 878 23922
 879 23900
 880 23550
 881 23755
 882 23755
 883 23590
 884 23851
 885 23803
 886 23450
 887 23500
 888 23677
 889 23798
 890 23708
 891 23646
 892 23769
 893 23846
 894 23854
 895 23733
 896 23966
 897 23716
 898 23650
 899 23811
 900 23765
 901 23771
 902 24068
 903 23930
 904 23692
 905 23730
 906 23710
 907 23646
 908 23805
 909 23806
 910 23714
 911 23846
 912 23651
 913 23582
 914 23858
 915 23684
 916 23771
 917 23760
 918 23669
 919 23893
 920 23673
 921 23806
 922 23879
 923 23731
 924 23633
 925 23839
 926 23782
 927 23735
 928 23570
 929 23516
 930 23636
 931 23790
 932 23750
 933 23771
 934 23749
 935 23997
 936 23650
 937 23795
 938 23536
 939 23739
 940 23744
 941 23504
 942 23733
 943 23551
 944 23599
 945 23645
 946 23807
 947 23761
 948 23551
 949 23668
 950 23546
 951 23847
 952 23595
 953 23849
 954 23953
 955 23662
 956 23716
 957 23773
 958 23727
 959 23692
 960 23670
 961 23774
 962 23778
 963 23789
 964 23714
 965 23860
 966 23670
 967 23693
 968 23634
 969 23897
 970 23945
 971 23502
 972 23865
 973 23930
 974 23718
 975 23778
 976 23571
 977 23816
 978 23811
 979 23983
 980 23537
 981 23722
 982 23732
 983 23532
 984 23678
 985 23725
 986 23716
 987 23648
 988 23602
 989 23811
 990 23756
 991 23583
 992 23729
 993 23675
 994 23709
 995 23889
 996 23783
 997 23630
 998 23655
 999 23858
1000 23777
