   0 15086
   1 19081
   2 21862
   3 22180
   4 22511
   5 22248
   6 22389
   7 22432
   8 22453
   9 22483
  10 22420
  11 22473
  12 22326
  13 22316
  14 22441
  15 22448
  16 22394
  17 22585
  18 22556
  19 22508
  20 22564
  21 22474
  22 22538
  23 22572
  24 22481
  25 22204
  26 22347
  27 22486
  28 22457
  29 22393
  30 22288
  31 22388
  32 22379
  33 22461
  34 22552
  35 22353
  36 22540
  37 22543
  38 22483
  39 22670
  40 22378
  41 22369
  42 22336
  43 22689
  44 22512
  45 22514
  46 22580
  47 22446
  48 22597
  49 22610
  50 22434
  51 22361
  52 22477
  53 22279
  54 22423
  55 22411
  56 22296
  57 22529
  58 22450
  59 22287
  60 22433
  61 22408
  62 22435
  63 22493
  64 22530
  65 22404
  66 22404
  67 22404
  68 22638
  69 22364
  70 22434
  71 22529
  72 22437
  73 22334
  74 22244
  75 22468
  76 22600
  77 22576
  78 22323
  79 22411
  80 22343
  81 22637
  82 22333
  83 22456
  84 22373
  85 22248
  86 22673
  87 22466
  88 22190
  89 22502
  90 22344
  91 22386
  92 22462
  93 22438
  94 22373
  95 22405
  96 22430
  97 22440
  98 22483
  99 22172
 100 22447
 101 22570
 102 22335
 103 22605
 104 22181
 105 22614
 106 22288
 107 22483
 108 22404
 109 22287
 110 22330
 111 22530
 112 22551
 113 22467
 114 22204
 115 22567
 116 22551
 117 22358
 118 22516
 119 22543
 120 22629
 121 22316
 122 22597
 123 22609
 124 22521
 125 22493
 126 22423
 127 22433
 128 22490
 129 22388
 130 22416
 131 22501
 132 22496
 133 22228
 134 22450
 135 22417
 136 22395
 137 22601
 138 22317
 139 22611
 140 22210
 141 22368
 142 22626
 143 22511
 144 22377
 145 22365
 146 22444
 147 22430
 148 22319
 149 22469
 150 22312
 151 22268
 152 22376
 153 22312
 154 22418
 155 22323
 156 22657
 157 22423
 158 22444
 159 22500
 160 22461
 161 22370
 162 22583
 163 22354
 164 22233
 165 22494
 166 22434
 167 22419
 168 22456
 169 22365
 170 22440
 171 22377
 172 22402
 173 22427
 174 22418
 175 22454
 176 22338
 177 22490
 178 22726
 179 22503
 180 22468
 181 22307
 182 22428
 183 22263
 184 22436
 185 22249
 186 22438
 187 22541
 188 22517
 189 22517
 190 22251
 191 22439
 192 22521
 193 22524
 194 22433
 195 22504
 196 22399
 197 22273
 198 22209
 199 22350
 200 22368
 201 22264
 202 22308
 203 22308
 204 22284
 205 22299
 206 22570
 207 22247
 208 22600
 209 22398
 210 22419
 211 22474
 212 22528
 213 22442
 214 22546
 215 22501
 216 22463
 217 22123
 218 22513
 219 22475
 220 22457
 221 22549
 222 22276
 223 22583
 224 22411
 225 22192
 226 22482
 227 22435
 228 22452
 229 22377
 230 22474
 231 22566
 232 22454
 233 22401
 234 22505
 235 22347
 236 22529
 237 22290
 238 22468
 239 22449
 240 22689
 241 22546
 242 22436
 243 22509
 244 22383
 245 22472
 246 22331
 247 22320
 248 22185
 249 22468
 250 22394
 251 22437
 252 22338
 253 22322
 254 22466
 255 22340
 256 22520
 257 22540
 258 22366
 259 22242
 260 22287
 261 22369
 262 22467
 263 22377
 264 22569
 265 22499
 266 22316
 267 22577
 268 22426
 269 22529
 270 22361
 271 22383
 272 22477
 273 22414
 274 22449
 275 22451
 276 22350
 277 22487
 278 22197
 279 22312
 280 22379
 281 22385
 282 22513
 283 22499
 284 22409
 285 22345
 286 22565
 287 22354
 288 22459
 289 22296
 290 22482
 291 22487
 292 22359
 293 22308
 294 22251
 295 22270
 296 22477
 297 22532
 298 22424
 299 22287
 300 22496
 301 22408
 302 22431
 303 22393
 304 22218
 305 22387
 306 22391
 307 22309
 308 22430
 309 22645
 310 22511
 311 22438
 312 22483
 313 22287
 314 22365
 315 22410
 316 22518
 317 22409
 318 22317
 319 22468
 320 22613
 321 22353
 322 22417
 323 22520
 324 22261
 325 22567
 326 22462
 327 22254
 328 22675
 329 22464
 330 22394
 331 22197
 332 22145
 333 22284
 334 22560
 335 22354
 336 22442
 337 22515
 338 22746
 339 22493
 340 22448
 341 22484
 342 22470
 343 22452
 344 22419
 345 22407
 346 22374
 347 22382
 348 22181
 349 22605
 350 22478
 351 22178
 352 22415
 353 22677
 354 22456
 355 22488
 356 22542
 357 22490
 358 22652
 359 22391
 360 22243
 361 22369
 362 22476
 363 22412
 364 22383
 365 22461
 366 22414
 367 22205
 368 22557
 369 22525
 370 22385
 371 22452
 372 22568
 373 22256
 374 22450
 375 22426
 376 22496
 377 22313
 378 22454
 379 22655
 380 22285
 381 22374
 382 22324
 383 22304
 384 22641
 385 22353
 386 22412
 387 22321
 388 22515
 389 22349
 390 22402
 391 22370
 392 22360
 393 22401
 394 22337
 395 22346
 396 22250
 397 22459
 398 22374
 399 22423
 400 22459
 401 22649
 402 22504
 403 22462
 404 22497
 405 22422
 406 22656
 407 22675
 408 22549
 409 22588
 410 22351
 411 22342
 412 22252
 413 22649
 414 22383
 415 22575
 416 22528
 417 22286
 418 22365
 419 22260
 420 22523
 421 22543
 422 22374
 423 22502
 424 22452
 425 22419
 426 22545
 427 22200
 428 22302
 429 22385
 430 22514
 431 22273
 432 22524
 433 22337
 434 22570
 435 22337
 436 22534
 437 22394
 438 22380
 439 22369
 440 22348
 441 22449
 442 22526
 443 22558
 444 22223
 445 22491
 446 22394
 447 22476
 448 22242
 449 22572
 450 22576
 451 22537
 452 22399
 453 22424
 454 22567
 455 22294
 456 22471
 457 22390
 458 22478
 459 22541
 460 22314
 461 22485
 462 22317
 463 22473
 464 22705
 465 22545
 466 22522
 467 22374
 468 22455
 469 22647
 470 22626
 471 22280
 472 22610
 473 22226
 474 22585
 475 22597
 476 22383
 477 22571
 478 22277
 479 22415
 480 22492
 481 22402
 482 22406
 483 22312
 484 22413
 485 22409
 486 22528
 487 22516
 488 22230
 489 22648
 490 22515
 491 22517
 492 22194
 493 22290
 494 22417
 495 22405
 496 22331
 497 22562
 498 22349
 499 22300
 500 22522
 501 22564
 502 22629
 503 22481
 504 22610
 505 22443
 506 22523
 507 22441
 508 22399
 509 22434
 510 22421
 511 22350
 512 22538
 513 22730
 514 22391
 515 22387
 516 22581
 517 22360
 518 22471
 519 22676
 520 22394
 521 22208
 522 22569
 523 22436
 524 22337
 525 22386
 526 22420
 527 22509
 528 22524
 529 22307
 530 22448
 531 22284
 532 22519
 533 22403
 534 22401
 535 22410
 536 22344
 537 22494
 538 22262
 539 22334
 540 22565
 541 22333
 542 22358
 543 22493
 544 22493
 545 22467
 546 22371
 547 22306
 548 22258
 549 22526
 550 22447
 551 22431
 552 22626
 553 22436
 554 22393
 555 22432
 556 22470
 557 22416
 558 22256
 559 22376
 560 22377
 561 22561
 562 22254
 563 22446
 564 22427
 565 22315
 566 22326
 567 22428
 568 22537
 569 22410
 570 22409
 571 22158
 572 22307
 573 22673
 574 22470
 575 22411
 576 22291
 577 22479
 578 22284
 579 22434
 580 22382
 581 22478
 582 22456
 583 22306
 584 22515
 585 22328
 586 22507
 587 22337
 588 22474
 589 22488
 590 22380
 591 22570
 592 22345
 593 22239
 594 22482
 595 22494
 596 22375
 597 22368
 598 22462
 599 22343
 600 22365
 601 22452
 602 22389
 603 22531
 604 22415
 605 22514
 606 22540
 607 22213
 608 22482
 609 22448
 610 22437
 611 22446
 612 22725
 613 22411
 614 22339
 615 22397
 616 22548
 617 22631
 618 22556
 619 22462
 620 22611
 621 22503
 622 22507
 623 22282
 624 22400
 625 22435
 626 22383
 627 22434
 628 22409
 629 22298
 630 22543
 631 22270
 632 22382
 633 22616
 634 22563
 635 22325
 636 22224
 637 22495
 638 22532
 639 22412
 640 22544
 641 22384
 642 22560
 643 22453
 644 22321
 645 22523
 646 22435
 647 22476
 648 22509
 649 22437
 650 22142
 651 22544
 652 22382
 653 22526
 654 22283
 655 22582
 656 22485
 657 22629
 658 22458
 659 22468
 660 22400
 661 22250
 662 22391
 663 22206
 664 22246
 665 22245
 666 22424
 667 22371
 668 22553
 669 22389
 670 22485
 671 22455
 672 22405
 673 22550
 674 22482
 675 22354
 676 22384
 677 22289
 678 22407
 679 22291
 680 22557
 681 22475
 682 22593
 683 22344
 684 22375
 685 22231
 686 22597
 687 22478
 688 22554
 689 22576
 690 22478
 691 22787
 692 22470
 693 22456
 694 22513
 695 22431
 696 22486
 697 22371
 698 22440
 699 22544
 700 22589
 701 22381
 702 22429
 703 22492
 704 22513
 705 22503
 706 22368
 707 22299
 708 22479
 709 22468
 710 22547
 711 22280
 712 22406
 713 22372
 714 22364
 715 22547
 716 22461
 717 22258
 718 22568
 719 22532
 720 22475
 721 22302
 722 22499
 723 22342
 724 22456
 725 22274
 726 22321
 727 22368
 728 22491
 729 22443
 730 22311
 731 22498
 732 22362
 733 22370
 734 22326
 735 22406
 736 22247
 737 22251
 738 22402
 739 22464
 740 22517
 741 22403
 742 22505
 743 22577
 744 22472
 745 22227
 746 22541
 747 22760
 748 22413
 749 22533
 750 22519
 751 22530
 752 22446
 753 22507
 754 22383
 755 22522
 756 22578
 757 22343
 758 22335
 759 22293
 760 22353
 761 22491
 762 22501
 763 22483
 764 22533
 765 22549
 766 22522
 767 22169
 768 22520
 769 22530
 770 22406
 771 22475
 772 22465
 773 22505
 774 22529
 775 22265
 776 22395
 777 22440
 778 22462
 779 22481
 780 22312
 781 22409
 782 22353
 783 22451
 784 22487
 785 22233
 786 22207
 787 22228
 788 22454
 789 22265
 790 22279
 791 22426
 792 22365
 793 22262
 794 22417
 795 22409
 796 22563
 797 22330
 798 22431
 799 22821
 800 22451
 801 22365
 802 22532
 803 22565
 804 22542
 805 22486
 806 22425
 807 22246
 808 22507
 809 22518
 810 22330
 811 22461
 812 22415
 813 22288
 814 22461
 815 22423
 816 22375
 817 22505
 818 22632
 819 22426
 820 22266
 821 22404
 822 22505
 823 22577
 824 22189
 825 22401
 826 22491
 827 22548
 828 22440
 829 22603
 830 22570
 831 22468
 832 22357
 833 22342
 834 22447
 835 22753
 836 22407
 837 22251
 838 22286
 839 22350
 840 22417
 841 22583
 842 22462
 843 22331
 844 22575
 845 22778
 846 22487
 847 22328
 848 22571
 849 22340
 850 22452
 851 22476
 852 22437
 853 22742
 854 22366
 855 22480
 856 22612
 857 22285
 858 22406
 859 22440
 860 22321
 861 22508
 862 22735
 863 22443
 864 22436
 865 22675
 866 22286
 867 22347
 868 22559
 869 22401
 870 22426
 871 22415
 872 22410
 873 22411
 874 22346
 875 22467
 876 22308
 877 22393
 878 22454
 879 22363
 880 22407
 881 22465
 882 22388
 883 22324
 884 22471
 885 22386
 886 22596
 887 22406
 888 22417
 889 22459
 890 22361
 891 22614
 892 22644
 893 22592
 894 22473
 895 22304
 896 22349
 897 22350
 898 22431
 899 22536
 900 22426
 901 22439
 902 22532
 903 22385
 904 22568
 905 22451
 906 22542
 907 22474
 908 22381
 909 22289
 910 22300
 911 22369
 912 22495
 913 22534
 914 22582
 915 22343
 916 22464
 917 22365
 918 22404
 919 22433
 920 22543
 921 22406
 922 22146
 923 22423
 924 22522
 925 22588
 926 22322
 927 22481
 928 22310
 929 22531
 930 22418
 931 22330
 932 22243
 933 22506
 934 22231
 935 22348
 936 22464
 937 22282
 938 22517
 939 22700
 940 22549
 941 22489
 942 22564
 943 22357
 944 22470
 945 22450
 946 22388
 947 22265
 948 22669
 949 22522
 950 22292
 951 22359
 952 22527
 953 22408
 954 22414
 955 22471
 956 22323
 957 22415
 958 22436
 959 22499
 960 22378
 961 22585
 962 22431
 963 22499
 964 22307
 965 22363
 966 22596
 967 22539
 968 22391
 969 22473
 970 22253
 971 22273
 972 22514
 973 22491
 974 22217
 975 22331
 976 22502
 977 22487
 978 22373
 979 22406
 980 22320
 981 22584
 982 22368
 983 22334
 984 22416
 985 22804
 986 22537
 987 22274
 988 22271
 989 22527
 990 22388
 991 22094
 992 22423
 993 22511
 994 22557
 995 22566
 996 22420
 997 22407
 998 22408
 999 22540
1000 22459
