   0 30396
   1 18955
   2 21847
   3 22328
   4 22256
   5 22537
   6 22269
   7 22340
   8 22341
   9 22153
  10 22485
  11 22377
  12 22154
  13 22333
  14 22453
  15 22446
  16 22511
  17 22297
  18 22287
  19 22341
  20 22515
  21 22182
  22 22300
  23 22199
  24 22174
  25 22321
  26 22253
  27 22348
  28 22504
  29 22516
  30 22315
  31 22216
  32 22053
  33 22577
  34 22208
  35 22313
  36 22242
  37 22241
  38 22395
  39 22386
  40 22369
  41 22442
  42 22274
  43 22437
  44 22383
  45 22390
  46 22291
  47 22315
  48 22482
  49 22249
  50 22218
  51 22287
  52 22251
  53 22363
  54 22217
  55 22301
  56 22304
  57 22371
  58 22283
  59 22322
  60 22442
  61 22591
  62 22396
  63 22232
  64 22330
  65 22566
  66 22129
  67 22312
  68 22480
  69 22301
  70 22395
  71 22273
  72 22314
  73 22240
  74 22458
  75 22271
  76 22353
  77 22259
  78 22398
  79 22285
  80 22201
  81 22334
  82 22384
  83 22354
  84 22462
  85 22481
  86 22430
  87 22495
  88 22423
  89 22321
  90 22244
  91 22263
  92 22328
  93 22349
  94 22452
  95 22369
  96 22499
  97 22274
  98 22300
  99 22443
 100 22161
 101 22349
 102 22375
 103 22309
 104 22371
 105 22319
 106 22007
 107 22282
 108 22169
 109 22388
 110 22262
 111 22237
 112 22371
 113 22486
 114 22367
 115 22522
 116 22381
 117 22372
 118 22352
 119 22339
 120 22429
 121 22562
 122 22475
 123 22367
 124 22278
 125 22271
 126 22313
 127 22133
 128 22324
 129 22347
 130 22393
 131 22310
 132 22315
 133 22287
 134 22340
 135 22265
 136 22611
 137 22305
 138 22475
 139 22388
 140 22289
 141 22345
 142 22171
 143 22343
 144 22242
 145 22353
 146 22339
 147 22316
 148 22359
 149 22255
 150 22325
 151 22311
 152 22377
 153 22349
 154 22365
 155 22209
 156 22279
 157 22368
 158 22226
 159 22289
 160 22416
 161 22416
 162 22206
 163 22201
 164 22116
 165 22211
 166 22357
 167 22331
 168 22473
 169 22383
 170 22299
 171 22217
 172 22298
 173 22278
 174 22230
 175 22330
 176 22245
 177 22218
 178 22188
 179 22172
 180 22240
 181 22266
 182 22328
 183 22209
 184 22104
 185 22376
 186 22213
 187 22195
 188 22297
 189 22341
 190 22262
 191 22459
 192 22323
 193 22277
 194 22283
 195 22274
 196 22316
 197 22311
 198 22325
 199 22424
 200 22270
 201 22244
 202 22328
 203 22405
 204 22233
 205 22205
 206 22307
 207 22352
 208 22313
 209 22241
 210 22469
 211 22428
 212 22417
 213 22339
 214 22316
 215 22377
 216 22410
 217 22308
 218 22483
 219 22582
 220 22341
 221 22272
 222 22412
 223 22157
 224 22349
 225 22515
 226 22264
 227 22411
 228 22081
 229 22233
 230 22204
 231 22348
 232 22417
 233 22254
 234 22329
 235 22327
 236 22424
 237 22295
 238 22268
 239 22331
 240 22589
 241 22223
 242 22482
 243 22199
 244 22273
 245 22407
 246 22262
 247 22160
 248 22455
 249 22435
 250 22626
 251 22526
 252 22396
 253 22242
 254 22263
 255 22557
 256 22130
 257 22410
 258 22412
 259 22411
 260 22351
 261 22153
 262 22222
 263 22242
 264 22429
 265 22308
 266 22314
 267 22306
 268 22228
 269 22379
 270 22089
 271 22401
 272 22319
 273 22476
 274 22294
 275 22335
 276 22346
 277 22217
 278 22334
 279 22238
 280 22504
 281 22175
 282 22329
 283 22298
 284 22533
 285 22298
 286 22463
 287 22294
 288 22264
 289 22196
 290 22383
 291 22470
 292 22429
 293 22168
 294 22205
 295 22260
 296 22380
 297 22309
 298 22353
 299 22319
 300 22382
 301 22452
 302 22336
 303 22506
 304 22357
 305 22274
 306 22305
 307 22164
 308 22451
 309 22259
 310 22207
 311 22434
 312 22421
 313 22417
 314 22213
 315 22514
 316 22365
 317 22446
 318 22234
 319 22409
 320 22247
 321 22404
 322 22172
 323 22298
 324 22318
 325 22252
 326 22230
 327 22243
 328 22282
 329 22059
 330 22310
 331 22492
 332 22263
 333 22416
 334 22290
 335 22340
 336 22360
 337 22441
 338 22468
 339 22323
 340 22048
 341 22198
 342 22474
 343 22438
 344 22368
 345 22339
 346 22387
 347 22261
 348 22469
 349 22231
 350 22170
 351 22349
 352 22329
 353 22378
 354 22146
 355 22291
 356 22228
 357 22402
 358 22407
 359 22301
 360 22299
 361 22427
 362 22178
 363 22299
 364 22466
 365 22305
 366 22233
 367 22040
 368 22109
 369 22299
 370 22265
 371 22401
 372 22607
 373 22417
 374 22475
 375 22172
 376 22422
 377 22268
 378 22371
 379 22512
 380 22242
 381 22442
 382 22283
 383 22280
 384 22494
 385 22247
 386 22256
 387 22315
 388 22311
 389 22398
 390 22271
 391 22240
 392 22320
 393 22531
 394 22269
 395 22137
 396 22405
 397 22339
 398 22372
 399 22396
 400 22397
 401 22290
 402 22425
 403 22534
 404 22236
 405 22244
 406 22462
 407 22494
 408 22310
 409 22373
 410 22264
 411 22261
 412 22447
 413 22561
 414 22299
 415 22792
 416 22223
 417 22582
 418 22129
 419 22579
 420 22244
 421 22253
 422 22180
 423 22327
 424 22503
 425 22146
 426 22419
 427 22207
 428 22333
 429 22229
 430 22375
 431 22375
 432 22321
 433 22331
 434 22369
 435 22417
 436 22224
 437 22319
 438 22178
 439 22399
 440 22433
 441 22276
 442 22272
 443 22347
 444 22344
 445 22321
 446 22272
 447 22187
 448 22337
 449 22251
 450 22276
 451 22423
 452 22322
 453 22076
 454 22279
 455 22354
 456 22306
 457 22522
 458 22436
 459 22291
 460 22370
 461 22363
 462 22354
 463 22322
 464 22228
 465 22268
 466 22550
 467 22333
 468 22087
 469 22292
 470 22381
 471 22117
 472 22302
 473 22389
 474 22205
 475 22309
 476 22192
 477 22194
 478 22168
 479 22409
 480 22389
 481 22364
 482 22509
 483 22211
 484 22211
 485 22258
 486 22342
 487 22633
 488 22213
 489 22331
 490 22395
 491 22528
 492 22247
 493 22251
 494 22541
 495 22351
 496 22254
 497 22529
 498 22110
 499 22067
 500 22284
 501 22432
 502 22287
 503 22245
 504 22418
 505 22357
 506 22289
 507 22351
 508 22435
 509 22306
 510 22361
 511 22222
 512 22334
 513 22561
 514 22273
 515 22452
 516 22348
 517 22309
 518 22267
 519 22446
 520 22257
 521 22442
 522 22361
 523 22216
 524 22407
 525 22426
 526 22199
 527 22523
 528 22288
 529 22257
 530 22166
 531 22057
 532 22316
 533 22299
 534 22311
 535 22256
 536 22360
 537 22271
 538 22137
 539 22337
 540 22346
 541 22402
 542 22300
 543 22475
 544 22407
 545 22203
 546 22132
 547 22384
 548 22317
 549 22346
 550 22257
 551 22443
 552 22393
 553 22285
 554 22378
 555 22477
 556 22198
 557 22405
 558 22172
 559 22283
 560 22420
 561 22444
 562 22399
 563 22399
 564 22340
 565 22349
 566 22388
 567 22296
 568 22261
 569 22349
 570 22220
 571 22355
 572 22222
 573 22160
 574 22429
 575 22171
 576 22271
 577 22268
 578 22165
 579 22444
 580 22540
 581 22358
 582 22312
 583 22571
 584 22347
 585 22359
 586 22324
 587 22589
 588 22351
 589 22203
 590 22218
 591 22295
 592 22403
 593 22315
 594 22325
 595 22378
 596 22339
 597 22382
 598 22454
 599 22166
 600 22321
 601 22179
 602 22279
 603 22351
 604 22317
 605 22216
 606 22310
 607 22017
 608 22162
 609 22243
 610 22443
 611 22266
 612 22248
 613 22288
 614 22443
 615 22201
 616 22587
 617 22330
 618 22542
 619 22292
 620 22303
 621 22234
 622 22431
 623 22301
 624 22484
 625 22325
 626 22402
 627 22196
 628 22270
 629 22128
 630 22446
 631 22420
 632 22348
 633 22402
 634 22534
 635 22401
 636 22277
 637 22332
 638 22287
 639 22421
 640 22276
 641 22119
 642 22111
 643 22253
 644 22155
 645 22598
 646 22236
 647 22403
 648 22136
 649 22376
 650 22080
 651 22247
 652 22287
 653 22407
 654 22177
 655 22239
 656 22458
 657 22438
 658 22204
 659 22324
 660 22416
 661 22356
 662 22025
 663 22425
 664 22472
 665 22246
 666 22631
 667 22365
 668 22426
 669 22339
 670 22382
 671 22378
 672 22167
 673 22302
 674 22351
 675 22401
 676 22283
 677 22193
 678 22452
 679 22184
 680 22393
 681 22463
 682 22506
 683 22235
 684 22203
 685 22470
 686 22211
 687 22220
 688 22474
 689 22306
 690 22357
 691 22326
 692 22201
 693 22244
 694 22281
 695 22430
 696 22122
 697 22463
 698 22227
 699 22415
 700 22109
 701 22476
 702 22293
 703 22341
 704 22480
 705 22124
 706 22475
 707 22324
 708 22261
 709 22557
 710 22289
 711 22156
 712 22435
 713 22397
 714 22508
 715 22617
 716 22225
 717 22056
 718 22265
 719 22471
 720 22360
 721 22331
 722 22510
 723 22127
 724 22288
 725 22423
 726 22350
 727 22286
 728 22472
 729 22284
 730 22501
 731 22247
 732 22467
 733 22255
 734 22310
 735 22314
 736 22425
 737 22159
 738 22236
 739 22437
 740 22225
 741 22247
 742 22404
 743 22458
 744 22297
 745 22519
 746 22237
 747 22361
 748 22572
 749 22315
 750 22319
 751 22365
 752 22323
 753 22353
 754 22319
 755 22390
 756 22169
 757 22036
 758 22228
 759 22336
 760 22394
 761 22205
 762 22563
 763 22230
 764 22195
 765 22123
 766 22286
 767 22321
 768 22195
 769 22505
 770 22429
 771 22436
 772 22419
 773 22527
 774 22421
 775 22252
 776 22297
 777 22439
 778 22167
 779 22421
 780 22147
 781 22331
 782 22382
 783 22266
 784 22044
 785 22226
 786 22492
 787 22234
 788 22348
 789 22452
 790 22254
 791 22367
 792 22521
 793 22261
 794 22169
 795 22267
 796 22267
 797 22397
 798 22401
 799 22437
 800 22118
 801 22201
 802 22169
 803 22349
 804 22212
 805 22218
 806 22530
 807 22334
 808 22496
 809 22323
 810 22324
 811 22351
 812 22263
 813 22429
 814 22322
 815 22289
 816 22315
 817 22296
 818 22347
 819 22433
 820 22283
 821 22531
 822 22419
 823 22330
 824 22439
 825 22164
 826 22463
 827 22395
 828 22210
 829 22666
 830 22252
 831 22292
 832 22430
 833 22235
 834 22326
 835 22474
 836 22429
 837 22338
 838 22323
 839 22283
 840 22259
 841 22345
 842 22264
 843 22241
 844 22287
 845 22355
 846 22433
 847 22360
 848 22289
 849 22352
 850 22338
 851 22214
 852 22318
 853 22269
 854 22357
 855 22194
 856 22392
 857 22326
 858 22331
 859 22249
 860 22174
 861 22325
 862 22203
 863 22341
 864 22188
 865 22313
 866 22436
 867 22422
 868 22260
 869 22305
 870 22213
 871 22274
 872 22374
 873 22285
 874 22412
 875 22313
 876 22325
 877 22342
 878 22226
 879 22429
 880 22274
 881 22338
 882 22507
 883 22240
 884 22413
 885 22329
 886 22276
 887 22399
 888 22452
 889 22412
 890 22386
 891 22128
 892 22418
 893 22350
 894 22511
 895 22327
 896 22337
 897 22289
 898 22249
 899 22416
 900 22413
 901 22295
 902 22265
 903 22328
 904 22530
 905 22223
 906 22639
 907 22310
 908 22283
 909 22298
 910 22511
 911 22279
 912 22506
 913 22339
 914 22393
 915 22223
 916 22226
 917 22345
 918 22279
 919 22130
 920 22299
 921 22372
 922 22515
 923 22245
 924 22245
 925 22456
 926 22488
 927 22164
 928 22343
 929 22179
 930 22399
 931 22257
 932 22356
 933 22264
 934 22229
 935 22248
 936 22478
 937 22296
 938 22230
 939 22383
 940 22397
 941 22611
 942 22334
 943 22343
 944 22323
 945 22413
 946 22432
 947 22208
 948 22407
 949 22162
 950 22033
 951 22217
 952 22282
 953 22194
 954 22178
 955 22336
 956 22392
 957 22268
 958 22348
 959 22313
 960 22203
 961 22146
 962 22447
 963 22423
 964 22313
 965 22334
 966 22209
 967 22347
 968 22046
 969 22244
 970 22405
 971 22206
 972 22278
 973 22228
 974 22429
 975 22321
 976 22212
 977 22285
 978 22339
 979 22315
 980 22422
 981 22508
 982 22296
 983 22217
 984 22150
 985 22501
 986 22304
 987 22359
 988 22234
 989 22214
 990 22473
 991 22409
 992 22330
 993 22490
 994 22115
 995 22386
 996 22394
 997 22408
 998 22480
 999 22425
1000 22194
